
--- Operacion---: Inversa de la Matriz 2
-0.464986 -0.800016 -0.329913 -0.533105 0.158126 -1.114326 -0.538342 -1.123386 -0.213841 0.232539 
-0.087521 -0.072443 -0.521340 0.649612 0.658376 -0.894860 0.015322 0.899635 0.638637 -0.594893 
1.027284 1.081116 1.133574 0.578202 0.109998 -0.780362 -0.507769 0.355731 -0.519096 -1.204901 
-0.084057 0.444916 -0.376399 -0.406100 0.778818 0.187570 -1.051600 -0.799427 -0.501351 0.415323 
0.221702 0.272147 1.015693 0.128992 -0.318341 -0.973680 -1.125427 -0.331487 -0.169658 -0.680674 
1.160762 -1.139161 -0.878586 -0.737179 -0.650784 -0.165376 -1.024286 1.032017 -1.096397 0.418729 
-0.920324 0.824950 -0.303039 0.594260 -0.175331 -0.866489 -0.945142 1.140010 -0.708840 0.569750 
0.905264 -0.990783 0.772340 -0.807437 -1.179613 -0.147030 -0.969696 0.739966 -0.578337 -0.361965 
0.093375 0.500874 0.658938 0.153740 1.052540 -0.086112 -0.244040 0.195462 -0.091777 0.246341 
0.358285 1.168924 -0.404186 -0.139672 0.346214 0.980039 0.307293 0.333149 -0.305802 0.252359 
