
--- Operacion---: Inversa de la Matriz 1
-0.973282 -2.141498 -0.904424 0.534521 1.048971 -0.386511 -1.238300 -1.268661 -2.024315 -1.782242 
0.537459 -2.175837 1.222857 -1.049055 -0.753165 -0.000763 -1.669926 -1.257300 -1.565416 0.154892 
1.644524 -1.240075 -1.982257 -0.887706 -0.739671 0.379591 1.184677 -0.549503 0.067515 1.212413 
-0.085927 -0.431346 1.248320 -0.317608 -1.366989 -1.172379 0.951067 0.129505 -1.725015 1.244877 
-0.760392 -0.556692 1.423503 -1.742450 -1.485022 0.686886 -1.713700 1.458517 -1.364962 2.187804 
1.472058 0.788443 1.295699 1.843905 0.503011 -1.323020 2.164205 0.871278 0.152456 -2.101592 
-2.128466 0.387468 -0.055982 0.410001 -0.334283 -1.380889 1.745990 1.322296 -0.000276 1.189928 
-0.737805 -0.590114 0.046700 0.809219 0.282317 1.352692 1.931094 0.867140 -0.218390 -2.080215 
0.486477 0.286052 0.463014 -1.400829 -0.537092 1.246557 -1.837904 0.323751 1.370487 1.502351 
0.852544 0.008879 1.638826 -0.684970 -0.199815 -0.954916 -1.052523 1.056472 -1.263783 -0.758885 
