
--- Operacion---: Resta de matrices
39097 21430 26780 28702 30968 30604 35178 28102 35607 25725 
35320 24636 25583 24539 28037 25590 33866 22190 30169 20524 
36523 19414 29819 31304 31745 26241 35966 22764 29256 26280 
21991 14756 19866 16813 23286 16254 24134 17522 18905 18587 
22584 9548 16553 22081 15768 20429 20776 15634 25983 17553 
21923 14644 18102 19651 22279 12996 22998 11759 23259 20511 
31742 17474 31316 35515 28927 28989 38452 22367 27838 29342 
39937 23772 28962 26057 32468 28964 32571 32521 35082 30687 
31355 24550 26140 20515 30019 21309 32940 22175 22476 21994 
26918 14789 22090 25707 20836 24781 33038 14085 20032 15871 
