
--- Operacion---: Inversa de la Matriz 1
-0.839630 0.592896 0.450221 -0.061253 -1.153566 -1.155212 0.256427 0.025982 -1.174687 0.356495 
0.883965 -1.094075 0.429688 -0.268484 1.030095 -0.632539 0.688108 -0.933307 0.592543 0.867146 
-1.036425 0.761307 -0.858861 -0.799641 -0.087537 1.025217 -0.922733 -0.368674 0.652847 0.429188 
0.043297 0.314717 0.841576 0.019057 0.915899 -0.104975 0.062141 -0.702970 -1.169538 1.150871 
-0.345551 0.874629 0.553965 0.861414 -0.254075 1.061194 0.788105 -0.887868 -0.575882 -0.774177 
1.043904 -0.940976 0.917185 0.308759 0.738303 -0.725647 -0.194934 1.085698 -0.884952 0.504337 
0.548854 1.140390 -1.157568 0.488258 -0.761105 0.107534 0.487954 -0.754346 0.095089 1.175584 
0.525488 -1.185456 -0.308524 -0.063998 -0.767446 0.852003 -1.068020 0.088416 -0.542451 -0.966500 
-0.246205 0.732777 -0.205997 -0.038198 1.021341 -1.020881 0.156113 0.657440 -0.611258 0.392979 
1.187335 1.107341 -0.479831 -1.038197 -1.015455 0.546077 -1.090034 -0.269100 -0.252096 -0.022203 
