
--- Operacion---: Inversa de la Matriz 2
0.969455 0.724226 0.913949 0.646158 -0.319130 0.124159 0.118387 -0.259280 -0.387842 -0.718433 
0.062589 0.059014 0.519515 -0.902293 -0.440555 0.553253 -0.157750 0.708521 -0.798985 0.913874 
0.298938 -0.397973 0.194284 -0.847720 0.390222 0.708901 -0.209467 0.400278 1.018921 0.402578 
-0.209727 -0.679381 -0.735683 0.630272 0.143168 -0.458133 0.683159 0.522321 0.691144 0.833716 
-0.589828 0.947598 0.326908 -0.534115 -0.207081 0.728556 0.433375 0.009956 -0.893348 -0.097659 
0.507530 -0.945156 0.442339 0.160809 -0.850089 -0.000066 0.107352 -0.072843 0.260171 0.696812 
0.451354 -0.379923 -0.119620 -0.314886 -0.070794 -0.506556 0.173914 -0.196523 1.002065 -0.364632 
0.908036 0.769064 0.452289 0.148016 -0.495640 0.933030 -0.361351 -0.940787 -0.725198 -0.472359 
-0.092110 -0.868636 0.163495 0.632647 -0.988763 0.640571 -0.136056 0.833972 0.421728 -0.165233 
0.646502 -0.218772 -0.891413 -0.163032 -0.388196 0.395692 -0.425193 -0.552981 -0.136872 0.424211 
