
--- Operacion---: Multiplicacion de matrices
31129 29125 23880 25323 30319 37169 30612 36783 19291 18151 
43059 27646 32571 35274 26827 36953 33963 42640 26823 29290 
39626 32277 32346 32690 30865 36282 31765 38424 26136 30473 
29832 28170 24139 25733 31026 33412 23028 29100 21995 21783 
42888 33564 35849 37906 33081 41248 31517 42237 29371 31478 
36093 32329 34688 36383 23168 30481 28696 37120 24079 30786 
19302 16810 14095 18430 18627 23063 17149 21566 15322 11261 
27140 24079 22416 23077 25333 30715 19420 27909 23257 20676 
38898 34909 36237 35911 28305 37985 30917 40349 27915 31687 
20934 19632 17409 19336 21801 24404 14044 19000 17034 17109 
