
--- Operacion---: Inversa de la Matriz 1
1.484485 -2.255444 -0.241551 -1.784811 -0.299894 -2.597513 -1.644280 -0.265394 -2.679485 -0.699888 
-0.293497 1.723630 0.158794 2.647239 2.398041 -0.694663 0.143756 -2.120914 2.163035 -0.388378 
2.411773 1.472038 0.426683 1.998581 1.632573 0.049860 1.657365 2.102940 -1.567164 -0.163076 
1.905951 0.142968 0.638676 -2.244840 -0.169189 1.302060 0.050450 1.854213 1.274256 0.840770 
-2.149299 -1.446460 -0.834378 -1.709501 -0.367828 0.337900 -0.026956 1.566686 1.260941 1.361649 
-1.994328 1.833437 1.809027 -2.657001 -1.649012 -0.253776 2.453537 -1.200934 0.275574 0.053767 
0.224169 -2.546264 -1.271896 2.239362 -0.311409 -2.633414 0.759970 -0.115606 2.609005 1.256463 
1.092058 -0.618054 0.733913 -2.195126 -1.549866 -1.420548 0.937064 -2.597267 -0.582435 2.219978 
-0.713886 1.228709 -1.227147 2.590948 -1.441387 -2.555674 -1.958157 -1.310748 2.370857 0.566053 
2.102512 1.238433 -1.694556 -0.460947 1.494441 -0.650328 -1.956467 -1.706150 -0.785054 -0.066921 
