
--- Operacion---: Inversa de la Matriz 2
6.348458 -2.136476 -2.837543 -2.093978 -5.237245 3.761590 6.489296 4.402835 3.244588 -2.873171 
-5.515492 5.149174 5.345884 2.741013 3.616081 -1.588743 6.299180 0.414826 3.711114 5.380165 
-1.339688 3.513775 -0.958909 6.027734 -0.930849 -3.349796 3.487550 0.242538 2.859844 5.360031 
-0.265761 1.854932 1.939751 5.596509 2.161646 -0.884773 -4.272576 0.384035 -2.214348 -3.896588 
3.261656 1.754927 -6.026520 1.792664 -5.563662 6.016273 -5.673707 -0.698196 5.161219 2.367440 
3.841286 -4.001358 4.126311 -1.307263 -3.250659 -3.666018 -0.683698 4.286585 0.443408 4.993561 
-4.346529 4.944042 2.951143 5.428656 -3.753156 -3.355853 -3.758478 -3.425899 1.369130 -3.509680 
-4.304879 -0.111769 -5.412335 1.411367 -0.506999 2.783872 -5.947302 -0.225001 3.399515 4.636916 
5.298640 1.931464 -5.859727 -5.429016 -0.643287 -6.668587 -5.175074 -6.791607 -6.022430 -4.587170 
-3.543162 3.855768 0.700006 1.685173 -0.153886 3.140185 -3.894053 -1.037828 0.726663 -5.174358 
