
--- Operacion---: Resta de matrices
12371 22279 23404 21805 22475 24237 14792 12177 9082 16316 
11386 29235 15282 24038 29181 23523 19103 17532 23557 21921 
10320 23405 19886 25460 28522 26678 12718 15135 11677 17065 
15213 29534 22997 31698 41184 33609 16585 24296 23298 23469 
12754 32535 28921 28485 31076 30139 18574 14861 12425 21803 
10660 17198 15431 18723 24013 21617 11926 17358 14798 15783 
10161 25832 17913 21733 29519 22368 15256 15962 20011 20250 
13621 30068 23150 24322 30329 27911 16801 18571 15939 19494 
14921 30056 23558 30107 37132 30698 21078 22061 24100 25896 
21609 44162 39523 42717 49877 45435 28516 28183 26766 34617 
