
--- Operacion---: Inversa de la Matriz 2
-0.459836 -0.758552 0.051945 -1.155860 -0.329540 1.237653 0.747113 0.884764 0.471237 -0.429877 
1.085843 -0.531311 -0.208985 0.127104 0.229723 -0.616212 -1.076758 -1.066731 -0.729413 -1.108068 
-0.128534 -0.341607 -0.919910 0.922677 0.048247 0.473895 1.174197 -0.849674 -0.408552 -0.267449 
0.605522 0.706512 -0.957212 0.639055 -1.082641 0.594259 0.734133 -0.130635 -0.074783 -0.893710 
0.761373 0.431702 1.219974 1.143049 0.173900 0.613894 -0.014697 -0.797589 0.309393 -1.215944 
-1.156555 1.128661 0.240021 -0.733006 -1.224211 0.345502 -0.580280 1.136747 0.004863 -0.761523 
0.736672 0.349327 -0.007539 -0.143142 0.793054 -0.601737 -0.862704 1.139173 0.795242 -0.796016 
-0.082596 1.220458 -0.580151 0.537455 -1.024412 0.176722 0.991511 -1.006777 1.036515 0.902306 
-0.748297 0.812991 -0.323727 0.749187 -1.017679 -0.011266 -0.887090 0.709444 0.140608 0.839625 
0.779323 1.215510 -0.876264 0.842277 -0.282628 -0.762844 0.412505 -0.075586 0.306400 -0.937325 
