
--- Operacion---: Inversa de la Matriz 1
-0.995263 -0.187880 0.464357 0.615784 1.381461 0.755392 0.635085 0.241868 0.233603 0.695349 
0.088540 1.164678 0.815327 -1.367540 -1.392323 -1.300750 0.721734 -0.260801 -0.437468 1.041514 
-0.460695 -1.400138 -0.812395 1.110766 1.154601 -1.508389 0.950341 0.822793 1.663750 0.282301 
-0.781822 1.050583 -0.161043 1.348798 1.243294 0.033179 1.320020 -1.287197 0.594564 -0.022787 
0.588936 -0.828966 -0.994190 -1.335896 -1.102906 -0.350046 -1.293557 0.182492 -0.042163 -0.231375 
0.638581 0.951671 0.650016 0.321637 0.408960 1.642831 1.410587 -0.382630 0.742890 -0.148986 
-0.950409 1.050501 1.119271 -0.956784 -1.470082 -1.605429 0.166145 -0.894230 -1.410570 -0.399674 
1.075612 -0.067933 1.386409 -1.629257 0.820467 -0.151002 0.783022 1.285059 1.617996 -0.785711 
1.045757 -0.341004 -1.414855 -0.651327 -0.325459 -0.840198 -0.845796 0.398086 -0.618423 0.053146 
-1.414656 -0.280677 -0.080742 0.000875 0.184935 -1.095454 0.369847 1.429179 1.256885 1.207908 
