
--- Operacion---: Multiplicacion de matrices
16088 17911 19270 18898 18872 20644 14622 25006 15088 20737 
16110 24553 21485 20616 18496 20453 18972 29327 18340 22158 
23901 26199 24130 19254 23260 22266 25948 28783 16756 27907 
18140 20374 20452 17884 18717 17430 22534 20501 18363 23891 
15280 16446 17617 15963 16582 16744 14941 21323 11577 17842 
25259 27129 32094 22708 25150 27496 29080 34372 27186 28505 
23413 31596 23886 26355 28755 25654 20477 35957 18314 31737 
17536 30870 20494 28926 27955 22780 14695 33444 21417 27702 
17030 22228 22370 17088 16617 22341 18495 24318 18235 21959 
31938 38202 34438 34789 36444 34394 33116 42126 28613 42328 
