
--- Operacion---: Inversa de la Matriz 2
-4.465107 -1.203689 -4.062312 1.465867 5.139372 2.647655 -0.233526 0.679135 -2.380337 -3.635570 
2.873468 1.262227 4.598186 0.622917 -5.699601 0.889357 -1.399741 -6.093577 -5.034388 0.241536 
2.186085 -4.696076 4.230796 2.728077 4.996979 -5.753461 -4.790767 -4.149921 -5.509225 -5.720490 
1.669543 1.246774 1.265720 -5.847455 5.986155 -3.775505 -1.030986 5.690733 -3.244309 1.354228 
3.706185 1.774623 -4.496904 0.323027 4.230448 2.818128 -0.070629 -3.968533 1.547844 0.023031 
5.019591 1.703544 -1.746300 0.234844 -3.409045 0.748298 0.390662 -2.435969 -0.020441 -3.237285 
5.241008 -5.527769 -3.269677 -6.002610 6.182467 5.300804 0.527530 6.100978 2.595662 0.869127 
4.510900 -1.419728 5.606121 -1.039114 -5.594203 3.651582 -1.407773 0.090291 4.252118 -5.318475 
-4.404049 1.500319 3.783060 -0.507886 -3.433865 -1.818149 4.694580 1.792216 -2.745197 0.447042 
3.217385 -2.606131 6.009285 -0.172549 -2.222784 -2.918719 -2.686600 -5.463766 5.049061 -0.137161 
