
--- Operacion---: Inversa de la Matriz 1
0.617833 0.410542 -0.667238 0.882931 -1.056672 -1.063931 -0.923780 0.656144 0.497157 0.452882 
0.795727 -1.056343 0.635766 -1.087523 0.339094 0.938112 -0.896711 -1.093976 -0.212775 -0.401690 
-0.696115 -0.192505 -0.209969 -0.867307 0.868528 -0.420193 -0.430823 0.643087 -0.169384 0.569970 
-0.295685 -0.480722 -1.025503 -0.644558 1.085393 0.839066 -0.359166 -0.354751 -0.116573 -0.549652 
1.026462 -0.712003 -0.782646 -0.329306 -0.916948 -0.501289 0.495180 -0.252819 0.651459 -0.369705 
0.299865 -0.628012 -0.590746 0.318044 -0.095309 0.893934 -0.142895 0.907862 0.578089 1.096809 
0.472345 1.093032 0.606541 0.378717 1.088215 1.027272 0.366877 -0.079212 0.818763 0.491444 
0.303222 0.153912 -0.270029 -0.551833 -0.020791 1.072827 -0.189857 -0.797993 0.562918 -0.774678 
1.037328 -1.123989 0.280655 -0.561199 0.307902 0.496586 0.524267 -0.446388 -0.529339 -0.170825 
0.940712 1.057379 0.062216 0.897950 -0.130030 -0.029963 0.525745 -1.046804 0.588733 0.826581 
