
--- Operacion---: Multiplicacion de matrices
29180 21656 13886 25224 28445 27758 18392 22089 23795 25209 
38189 34930 24821 32787 40756 38840 24095 29307 34325 35757 
35705 26525 18364 33474 34323 34189 21955 25168 26185 27927 
26193 19570 10407 30610 26278 29689 22088 26986 27392 22157 
28521 18419 16432 26735 28061 25545 17933 19343 27881 24991 
43097 27630 22512 40336 41909 39222 24856 32344 32433 36249 
41020 24583 19795 39199 39173 37064 23903 26821 22597 30409 
28196 22050 16643 34660 31485 28921 24466 24206 29719 21561 
40966 34278 23593 37296 42456 41149 26990 31538 32368 34874 
33605 31545 16903 29949 34680 35620 25694 28575 30936 30365 
