
--- Operacion---: Multiplicacion de matrices
36052 32797 34585 32531 30977 34422 32982 34480 36602 29768 
31268 21963 33236 29668 30398 31270 23681 26426 28733 32803 
23203 19635 25712 17365 23643 27403 15868 23862 28894 23858 
33565 21722 35671 28711 33728 33854 24374 30015 29019 30587 
27889 25043 26156 20735 26310 28071 24624 33204 26960 24414 
26083 21456 26272 24955 23645 26730 21458 25695 23127 23820 
18385 19305 31191 23371 22431 23126 18082 24771 21343 23114 
31162 24111 40979 28712 35087 36997 25341 27174 37107 38570 
31645 24341 30510 28832 28314 35718 23724 31123 30099 32938 
27098 21147 30824 27226 27805 25676 25089 28627 23570 30965 
