
--- Operacion ---: Inversa de la Matriz 2
2.670773 -1.791337 -2.783981 1.183002 1.804736 2.073584 0.981580 0.039267 -0.823829 -2.737793 
1.898836 0.745134 -2.109360 -2.694303 0.292229 2.756768 -1.321474 -0.707425 0.979458 0.827840 
2.528081 2.793667 0.326289 1.514340 2.137778 -1.036208 -1.840560 0.078230 2.733177 2.221917 
2.108741 -1.844317 -1.950740 -2.410033 -2.304957 -1.831733 -0.482307 -1.480211 -2.085207 -2.461103 
-0.116730 -2.441087 -0.478726 -2.046754 -2.077489 0.260233 -0.309057 -1.053781 0.385981 -1.870599 
1.208053 -2.038994 -1.756670 -0.937886 1.728489 0.917907 2.416451 2.575738 2.149318 -1.483352 
0.089156 1.454766 1.719711 0.776503 -1.509488 0.070879 1.786271 -0.451825 1.956885 2.232122 
1.379876 2.089024 0.274102 -2.700275 -1.115908 -1.270925 -2.379207 1.202041 2.484828 -1.160380 
2.428873 2.676372 -0.867828 -1.920915 1.409715 -1.143258 0.603410 -1.742819 0.630247 0.530804 
2.291533 -0.387588 0.259973 1.385696 -0.410729 1.317375 -2.043307 1.909667 1.628000 -0.025196 
