
--- Operacion ---: Inversa de la Matriz 1
0.210718 -0.697460 -1.174611 -0.106694 0.038307 -1.326419 0.973641 -0.406676 -1.028458 -1.013545 
0.408249 -0.903250 -1.184463 0.736047 -1.487262 0.948265 0.877136 -0.595517 -1.588883 -1.209729 
0.140250 -0.229902 0.125268 0.787271 -0.703188 0.342087 0.356572 0.143978 1.397252 -0.622896 
0.040224 1.169592 0.536332 -0.258630 1.399790 -0.168055 0.514504 0.905527 0.273374 -0.062090 
-0.690679 -1.678769 0.906104 0.137796 -0.108680 1.294707 -1.133706 -0.963906 0.575356 1.593804 
-0.667895 -0.681918 -0.030656 1.678886 -1.619612 0.395726 -0.363359 0.419279 -0.409869 -0.739467 
-0.762847 -0.486976 0.417808 -1.065154 1.406614 1.616517 -0.340392 -0.463288 -1.272958 1.313819 
-1.512888 1.392584 -0.649234 0.874255 0.146050 -1.356977 -0.124429 -0.202493 0.070694 1.564803 
-1.257061 -0.156229 0.332119 -1.513189 -0.760213 -1.038405 0.203481 1.349498 1.533304 -1.388187 
-0.773623 1.411380 -1.028934 -1.230652 1.324267 -0.461095 -0.907382 1.585210 0.463409 0.861010 
