
--- Operacion ---: Multiplicacion de matrices
36209 20823 25984 20404 28435 27624 28373 25815 25271 21385 
34896 24486 31308 28021 23743 30816 28460 24843 33129 20224 
26748 15669 23211 21147 26168 18857 22470 21058 23911 18042 
30195 16722 23007 15605 27243 22310 19954 23288 19303 14773 
32598 22437 27425 15460 25147 24526 19809 26005 19941 12818 
31678 15408 35425 24208 25308 27984 22723 24599 22094 16215 
18417 11444 17444 12965 17468 17207 12138 16925 19086 8777 
42826 23407 30342 25179 35974 27151 32104 30684 30319 20783 
32669 21403 26426 23815 28886 24183 26940 23688 28941 24964 
27119 17467 18989 14623 20682 20009 19598 20251 22968 15111 
